0.11896060276854503,0.5629793902854303,0.11763969571468358,0.3222078403911265,6.27329224470247,0.8627306900441037,0.5213043502893486,0.5777008065676281
1.0,1.0,0.0,0.0,4.0,1.0,0.0,1.0
1.0,0.0,0.0,1.0,0.0,1.0,0.0,0.0
1.0,1.0,0.0,0.0,4.0,0.0,0.0,1.0
1.0,1.0,0.0,0.0,4.0,1.0,0.0,1.0
1.0,1.0,0.0,0.0,4.0,1.0,0.0,1.0
1.0,1.0,0.0,0.0,4.0,1.0,1.0,1.0
0.8738225883398277,0.21524779223857016,0.7188099174151136,0.9815521356816629,6.2524530614057126,0.2943733791127192,0.9358369157863557,0.2084110883591891
1.0,0.0,0.0,1.0,0.0,1.0,0.0,0.0
1.0,1.0,0.0,0.0,4.0,0.0,1.0,0.0
1.0,1.0,0.0,0.0,4.0,1.0,0.0,1.0
1.0,1.0,0.0,0.0,2.0,1.0,1.0,0.0
1.0,0.0,0.0,1.0,0.0,1.0,0.0,0.0
0.0,0.0,0.0,0.0,0.0,0.0,0.0,0.0
0.0,0.0,0.0,0.0,4.0,0.0,0.0,0.0
0.0,0.0,0.0,0.0,6.0,0.0,0.0,0.0
1.0,1.0,0.0,0.0,2.0,1.0,0.0,0.0
1.0,1.0,0.0,0.0,4.0,1.0,0.0,1.0
1.0,0.0,0.0,1.0,0.0,1.0,0.0,1.0
1.0,1.0,0.0,1.0,0.0,1.0,0.0,1.0
1.0,1.0,0.0,0.0,2.0,1.0,1.0,0.0
1.0,1.0,0.0,0.0,2.0,1.0,0.0,0.0
1.0,1.0,0.0,0.0,4.0,1.0,0.0,1.0
0.9384155264060137,0.6825858493735955,0.6961660655336864,0.09688910748719248,5.643431961560555,0.47493607433204343,0.08875419091413361,0.09150360342793862
0.0,1.0,0.0,0.0,6.0,0.0,0.0,0.0
1.0,1.0,0.0,0.0,4.0,0.0,0.0,0.0
1.0,1.0,1.0,0.0,4.0,0.0,0.0,0.0
1.0,1.0,0.0,0.0,2.0,1.0,0.0,0.0
1.0,1.0,0.0,0.0,4.0,1.0,0.0,1.0
1.0,1.0,0.0,0.0,2.0,0.0,1.0,1.0
0.0,1.0,0.0,0.0,6.0,0.0,0.0,0.0
1.0,1.0,0.0,0.0,4.0,1.0,1.0,1.0
1.0,1.0,0.0,0.0,2.0,0.0,0.0,1.0
1.0,1.0,0.0,0.0,2.0,1.0,0.0,0.0
1.0,0.0,0.0,1.0,0.0,1.0,0.0,0.0
1.0,1.0,0.0,0.0,4.0,1.0,1.0,0.0
1.0,1.0,0.0,0.0,4.0,1.0,0.0,0.0
0.6079029932988071,0.6628290377277967,0.35574201785571025,0.4567744071212725,7.073192079640593,0.6822346553409779,0.043042886950315995,0.9860995583898714
1.0,0.0,0.0,1.0,0.0,1.0,0.0,0.0
0.0,1.0,1.0,0.0,6.0,0.0,1.0,0.0
0.0,1.0,0.0,0.0,6.0,0.0,0.0,0.0
1.0,1.0,0.0,0.0,2.0,1.0,0.0,0.0
0.0,1.0,0.0,0.0,6.0,0.0,0.0,0.0
0.3871298865811702,0.14737159868195449,0.21501013794767798,0.7857912771029887,7.932097076239134,0.9843907674372597,0.7554625084431978,0.3858805736702523
1.0,1.0,0.0,0.0,4.0,1.0,0.0,1.0
1.0,1.0,0.0,0.0,4.0,1.0,0.0,1.0
0.0,0.0,0.0,0.0,6.0,0.0,0.0,0.0
1.0,1.0,0.0,0.0,4.0,1.0,0.0,1.0
1.0,1.0,0.0,0.0,4.0,1.0,0.0,1.0
1.0,1.0,0.0,0.0,4.0,1.0,0.0,0.0
1.0,1.0,0.0,0.0,4.0,1.0,0.0,1.0
0.0,1.0,0.0,0.0,6.0,0.0,0.0,0.0
0.028852603509558872,0.7320549526164747,0.8114037231971617,0.6958512025580935,5.292933756158196,0.26117090545128696,0.13736649019617397,0.545477122667137
0.0,0.0,0.0,0.0,8.0,0.0,0.0,1.0
1.0,1.0,0.0,0.0,4.0,1.0,0.0,0.0
1.0,1.0,0.0,0.0,4.0,1.0,0.0,1.0
1.0,1.0,0.0,0.0,2.0,1.0,0.0,1.0
1.0,1.0,0.0,0.0,2.0,1.0,1.0,0.0
1.0,1.0,0.0,0.0,2.0,1.0,0.0,1.0
1.0,1.0,0.0,0.0,2.0,1.0,0.0,0.0
1.0,0.0,0.0,1.0,0.0,1.0,0.0,1.0
1.0,0.0,0.0,1.0,0.0,1.0,0.0,0.0
0.16827575806584438,0.9485782967058999,0.08011913405609505,0.4074415548789039,4.713845100115241,0.5842238393506255,0.7382931151019504,0.5602792369934018
1.0,1.0,0.0,0.0,4.0,1.0,0.0,1.0
1.0,1.0,0.0,0.0,4.0,1.0,0.0,1.0
1.0,1.0,0.0,0.0,4.0,1.0,1.0,1.0
1.0,1.0,0.0,1.0,0.0,1.0,0.0,1.0
0.697698313262923,0.4875467445436026,0.9701344885596352,0.34280807115424294,4.326668104971645,0.6265299649736287,0.9077135489659921,0.309485388268504
0.9252345596869397,0.7494226514185482,0.6212481100457501,0.1081657976881989,7.384501442627983,0.6551984250181774,0.4163086276910659,0.4325291366523255
1.0,1.0,0.0,0.0,4.0,1.0,0.0,1.0
1.0,1.0,0.0,0.0,4.0,1.0,1.0,1.0
1.0,1.0,0.0,0.0,2.0,1.0,0.0,1.0
0.0,1.0,1.0,0.0,8.0,1.0,0.0,0.0
1.0,0.0,0.0,1.0,0.0,1.0,0.0,0.0
1.0,1.0,0.0,1.0,0.0,0.0,0.0,1.0
1.0,1.0,0.0,1.0,2.0,1.0,0.0,1.0
1.0,0.0,1.0,0.0,0.0,1.0,0.0,0.0
0.0,0.0,1.0,0.0,0.0,0.0,0.0,0.0
1.0,1.0,0.0,0.0,2.0,1.0,0.0,0.0
1.0,1.0,0.0,0.0,2.0,1.0,0.0,0.0
1.0,1.0,0.0,0.0,0.0,1.0,0.0,0.0
0.0,1.0,0.0,0.0,0.0,0.0,0.0,0.0
1.0,0.0,0.0,1.0,0.0,1.0,0.0,0.0
1.0,1.0,0.0,0.0,2.0,1.0,0.0,0.0
1.0,1.0,0.0,0.0,2.0,1.0,0.0,0.0
0.0,0.0,0.0,0.0,5.0,0.0,0.0,0.0
1.0,0.0,1.0,1.0,0.0,1.0,0.0,1.0
1.0,1.0,0.0,0.0,2.0,1.0,0.0,1.0
0.0,1.0,0.0,0.0,6.0,0.0,0.0,0.0
1.0,1.0,0.0,0.0,4.0,0.0,0.0,0.0
1.0,1.0,0.0,0.0,4.0,1.0,0.0,1.0
1.0,1.0,0.0,0.0,4.0,1.0,0.0,0.0
1.0,0.0,0.0,1.0,0.0,1.0,0.0,1.0
1.0,1.0,0.0,0.0,2.0,1.0,0.0,0.0
1.0,1.0,0.0,0.0,4.0,1.0,0.0,0.0
1.0,1.0,0.0,0.0,2.0,1.0,0.0,1.0
1.0,1.0,0.0,0.0,2.0,1.0,0.0,1.0
0.0,1.0,1.0,0.0,6.0,0.0,0.0,0.0
1.0,1.0,0.0,0.0,4.0,1.0,0.0,1.0
0.0,1.0,0.0,0.0,0.0,0.0,0.0,0.0
1.0,1.0,0.0,0.0,2.0,1.0,0.0,0.0
