0.0,1.0,1.0,0.0,1.0,0.0,0.0,0.0
1.0,0.0,0.0,1.0,0.0,0.0,0.0,1.0
0.0,0.0,1.0,0.0,0.0,1.0,1.0,1.0
1.0,0.0,0.0,1.0,0.0,0.0,1.0,1.0
1.0,0.0,0.0,1.0,0.0,0.0,1.0,1.0
1.0,0.0,0.0,1.0,0.0,0.0,0.0,1.0
1.0,0.0,0.0,1.0,0.0,0.0,0.0,1.0
0.0,0.0,1.0,0.0,0.0,1.0,0.0,1.0
0.0,0.0,1.0,0.0,0.0,1.0,1.0,1.0
1.0,0.0,0.0,1.0,0.0,0.0,0.0,1.0
1.0,0.0,0.0,1.0,0.0,0.0,1.0,1.0
0.0,1.0,1.0,0.0,1.0,0.0,0.0,0.0
1.0,0.0,0.0,1.0,0.0,0.0,1.0,1.0
0.0,0.0,1.0,0.0,0.0,0.0,1.0,0.0
0.0,0.0,1.0,0.0,0.0,1.0,1.0,0.0
0.0,0.0,1.0,0.0,0.0,1.0,1.0,0.0
0.0,0.0,1.0,0.0,0.0,0.0,0.0,0.0
1.0,0.0,0.0,1.0,0.0,0.0,0.0,1.0
0.7009771606635014,0.5863974818457885,0.7715712597577945,0.9580173304591025,0.34245958331751725,0.6623568982785375,0.1684485287071823,0.5711434246293012
0.0,0.0,0.0,1.0,0.0,1.0,1.0,1.0
0.0,0.0,1.0,0.0,0.0,1.0,0.0,1.0
0.0,1.0,1.0,0.0,1.0,1.0,0.0,0.0
1.0,0.0,0.0,1.0,0.0,0.0,0.0,1.0
0.0,1.0,1.0,0.0,1.0,0.0,0.0,0.0
0.0,0.0,1.0,0.0,0.0,0.0,0.0,0.0
1.0,0.0,1.0,0.0,1.0,0.0,0.0,0.0
0.0,0.0,1.0,0.0,0.0,1.0,1.0,1.0
1.0,0.0,0.0,1.0,1.0,0.0,0.0,1.0
0.0,0.0,1.0,0.0,0.0,1.0,0.0,1.0
1.0,0.0,0.0,1.0,0.0,0.0,1.0,1.0
1.0,0.0,0.0,1.0,0.0,0.0,1.0,1.0
1.0,0.0,0.0,1.0,0.0,0.0,0.0,1.0
1.0,0.0,0.0,1.0,0.0,0.0,0.0,1.0
0.0,1.0,1.0,0.0,1.0,1.0,1.0,0.0
0.0,0.0,1.0,0.0,0.0,1.0,0.0,1.0
1.0,0.0,0.0,1.0,0.0,0.0,0.0,1.0
1.0,0.0,0.0,1.0,0.0,0.0,0.0,1.0
0.0,1.0,1.0,0.0,1.0,0.0,1.0,0.0
0.0,0.0,1.0,0.0,0.0,1.0,1.0,1.0
0.0,0.0,1.0,0.0,0.0,1.0,1.0,1.0
1.0,0.0,1.0,0.0,1.0,0.0,0.0,0.0
0.0,1.0,1.0,0.0,0.0,0.0,1.0,0.0
0.0,0.0,1.0,0.0,1.0,0.0,1.0,0.0
0.0,1.0,1.0,0.0,1.0,0.0,0.0,0.0
0.0,0.0,1.0,0.0,1.0,0.0,0.0,0.0
1.0,0.0,0.0,1.0,0.0,0.0,1.0,1.0
0.27962168908841933,0.39547907766201273,0.10278381703586681,0.26966899939038025,0.6240182644824213,0.583253308116887,0.863323305980616,0.19411036041444496
1.0,0.0,0.0,1.0,0.0,0.0,1.0,1.0
1.0,0.0,0.0,1.0,0.0,1.0,1.0,1.0
1.0,0.0,0.0,1.0,0.0,0.0,1.0,1.0
1.0,0.0,0.0,1.0,0.0,0.0,1.0,1.0
1.0,0.0,1.0,0.0,1.0,0.0,0.0,0.0
0.0,0.0,1.0,0.0,0.0,1.0,1.0,1.0
0.0,0.0,1.0,0.0,0.0,1.0,1.0,0.0
1.0,0.0,0.0,1.0,0.0,0.0,1.0,1.0
1.0,0.0,0.0,1.0,0.0,0.0,0.0,1.0
0.0,1.0,1.0,0.0,0.0,0.0,0.0,0.0
0.0,1.0,1.0,0.0,1.0,0.0,0.0,0.0
0.0,1.0,1.0,0.0,0.0,1.0,1.0,0.0
1.0,0.0,0.0,1.0,0.0,0.0,1.0,1.0
0.8834704660345079,0.8127881294914695,0.2422832040327536,0.7330781604801897,0.8473491819278853,0.14686829622794506,0.6167299991910525,0.26444219103345723
0.0,0.0,1.0,0.0,0.0,1.0,1.0,1.0
0.0,0.0,1.0,0.0,0.0,0.0,1.0,1.0
1.0,0.0,1.0,1.0,0.0,1.0,1.0,0.0
1.0,0.0,0.0,1.0,0.0,0.0,1.0,1.0
1.0,0.0,0.0,1.0,0.0,0.0,0.0,1.0
0.0,0.0,0.0,1.0,0.0,1.0,1.0,1.0
1.0,0.0,0.0,1.0,0.0,0.0,1.0,1.0
0.0,0.0,1.0,0.0,0.0,1.0,1.0,1.0
1.0,0.0,0.0,1.0,0.0,0.0,1.0,1.0
1.0,0.0,0.0,1.0,0.0,0.0,0.0,1.0
0.0,1.0,1.0,0.0,0.0,0.0,1.0,0.0
0.0,0.0,0.0,0.0,0.0,0.0,1.0,0.0
1.0,0.0,0.0,1.0,0.0,0.0,0.0,1.0
1.0,0.0,0.0,1.0,0.0,1.0,1.0,1.0
1.0,0.0,0.0,1.0,0.0,1.0,1.0,1.0
0.0,0.0,0.0,0.0,0.0,1.0,1.0,1.0
0.0,0.0,1.0,0.0,0.0,1.0,1.0,0.0
0.0,1.0,1.0,0.0,1.0,1.0,1.0,0.0
0.0,1.0,1.0,0.0,1.0,1.0,1.0,0.0
0.0,0.0,1.0,0.0,0.0,0.0,1.0,1.0
0.0,0.0,1.0,0.0,0.0,0.0,0.0,0.0
0.0,1.0,1.0,0.0,1.0,0.0,0.0,0.0
0.0,1.0,1.0,0.0,1.0,0.0,0.0,0.0
1.0,0.0,0.0,1.0,0.0,0.0,0.0,1.0
0.0,0.0,1.0,0.0,0.0,1.0,1.0,0.0
0.0,0.0,1.0,0.0,0.0,1.0,1.0,1.0
0.0,1.0,1.0,0.0,1.0,1.0,0.0,0.0
0.0,1.0,1.0,0.0,1.0,0.0,1.0,0.0
0.0,0.0,1.0,0.0,0.0,1.0,0.0,1.0
0.0,0.0,1.0,0.0,0.0,0.0,0.0,0.0
0.0,0.0,1.0,0.0,0.0,0.0,1.0,1.0
0.0,0.0,1.0,0.0,0.0,1.0,1.0,1.0
1.0,0.0,0.0,1.0,1.0,0.0,0.0,1.0
1.0,0.0,0.0,1.0,0.0,0.0,0.0,1.0
0.0,1.0,1.0,0.0,1.0,0.0,1.0,0.0
1.0,0.0,0.0,1.0,0.0,0.0,0.0,1.0
1.0,0.0,1.0,0.0,1.0,0.0,0.0,0.0
1.0,0.0,0.0,1.0,0.0,0.0,1.0,1.0
0.0,0.0,1.0,0.0,0.0,0.0,0.0,0.0
0.0,1.0,1.0,0.0,1.0,0.0,0.0,0.0
