0.0,1.0,1.0,0.0,1.0,0.0,0.0,0.0
0.0,0.0,1.0,0.0,0.0,1.0,0.0,1.0
0.0,0.0,1.0,0.0,0.0,1.0,1.0,1.0
1.0,0.0,0.0,1.0,0.0,0.0,1.0,1.0
1.0,0.0,0.0,1.0,0.0,0.0,1.0,1.0
1.0,0.0,0.0,1.0,0.0,0.0,0.0,1.0
1.0,0.0,0.0,1.0,0.0,0.0,0.0,1.0
0.0,0.0,1.0,0.0,0.0,1.0,0.0,1.0
0.0,0.0,1.0,0.0,0.0,1.0,1.0,1.0
1.0,0.0,0.0,1.0,0.0,0.0,0.0,1.0
1.0,0.0,0.0,1.0,0.0,0.0,1.0,1.0
0.0,1.0,1.0,0.0,1.0,0.0,0.0,0.0
0.0,0.0,1.0,0.0,0.0,1.0,1.0,1.0
0.0,0.0,1.0,0.0,0.0,0.0,1.0,0.0
0.0,0.0,1.0,0.0,0.0,1.0,1.0,0.0
0.0,0.0,1.0,0.0,0.0,1.0,1.0,0.0
0.0,1.0,1.0,0.0,1.0,0.0,1.0,0.0
1.0,0.0,0.0,1.0,0.0,0.0,0.0,1.0
0.0,0.0,1.0,0.0,0.0,1.0,1.0,1.0
0.0,0.0,0.0,1.0,0.0,1.0,1.0,1.0
0.0,1.0,1.0,0.0,1.0,0.0,0.0,0.0
0.0,0.0,0.0,0.0,0.0,0.0,1.0,0.0
1.0,0.0,0.0,1.0,0.0,0.0,0.0,1.0
0.0,1.0,1.0,0.0,1.0,0.0,0.0,0.0
0.0,0.0,1.0,0.0,0.0,0.0,0.0,0.0
0.0,0.0,1.0,0.0,0.0,1.0,1.0,1.0
0.0,0.0,1.0,0.0,0.0,1.0,1.0,1.0
1.0,0.0,0.0,1.0,1.0,0.0,0.0,1.0
1.0,0.0,0.0,1.0,0.0,0.0,0.0,1.0
1.0,0.0,0.0,1.0,0.0,0.0,1.0,1.0
0.0,0.0,1.0,0.0,1.0,0.0,0.0,0.0
1.0,0.0,0.0,1.0,0.0,0.0,0.0,1.0
1.0,0.0,0.0,1.0,0.0,0.0,0.0,1.0
0.0,1.0,1.0,0.0,1.0,1.0,1.0,0.0
0.0,0.0,1.0,0.0,0.0,1.0,0.0,1.0
1.0,0.0,0.0,1.0,0.0,0.0,0.0,1.0
1.0,0.0,0.0,1.0,0.0,0.0,0.0,1.0
1.0,0.0,0.0,1.0,0.0,0.0,0.0,1.0
0.0,0.0,1.0,0.0,0.0,1.0,1.0,1.0
1.0,0.0,1.0,0.0,1.0,0.0,0.0,0.0
1.0,0.0,1.0,0.0,1.0,0.0,0.0,0.0
0.0,1.0,1.0,0.0,0.0,0.0,1.0,0.0
0.0,0.0,1.0,0.0,1.0,0.0,1.0,0.0
0.0,0.0,1.0,0.0,0.0,0.0,1.0,1.0
1.0,0.0,0.0,1.0,0.0,0.0,1.0,1.0
1.0,0.0,0.0,1.0,0.0,0.0,1.0,1.0
0.0,0.0,1.0,0.0,0.0,1.0,1.0,0.0
1.0,0.0,0.0,1.0,0.0,0.0,1.0,1.0
1.0,0.0,0.0,1.0,0.0,1.0,1.0,1.0
0.8274580043397219,0.13992551516428786,0.7879638223321194,0.7621031854456487,0.6561010681914691,0.7647929135820212,0.2088636328890061,0.006994119834436874
1.0,0.0,0.0,1.0,0.0,0.0,1.0,1.0
0.0,0.0,1.0,0.0,0.0,1.0,1.0,1.0
1.0,0.0,1.0,0.0,1.0,0.0,0.0,0.0
0.0,0.0,1.0,0.0,0.0,1.0,1.0,0.0
1.0,0.0,0.0,1.0,0.0,0.0,1.0,1.0
1.0,0.0,0.0,1.0,0.0,0.0,0.0,1.0
0.0,1.0,1.0,0.0,0.0,0.0,0.0,0.0
0.0,1.0,1.0,0.0,1.0,0.0,0.0,0.0
0.0,1.0,1.0,0.0,0.0,1.0,1.0,0.0
1.0,0.0,0.0,1.0,0.0,0.0,1.0,1.0
0.0,0.0,1.0,0.0,0.0,1.0,1.0,1.0
0.0,0.0,1.0,0.0,0.0,1.0,1.0,1.0
0.0,0.0,1.0,0.0,0.0,0.0,1.0,1.0
1.0,0.0,1.0,1.0,0.0,1.0,1.0,0.0
1.0,0.0,0.0,1.0,0.0,0.0,1.0,1.0
1.0,0.0,0.0,1.0,0.0,0.0,0.0,1.0
0.0,0.0,0.0,1.0,0.0,1.0,1.0,1.0
1.0,0.0,0.0,1.0,0.0,0.0,1.0,1.0
0.0,1.0,1.0,0.0,1.0,1.0,1.0,0.0
1.0,0.0,0.0,1.0,0.0,0.0,1.0,1.0
1.0,0.0,0.0,1.0,0.0,0.0,0.0,1.0
0.0,1.0,1.0,0.0,0.0,0.0,1.0,0.0
0.0,1.0,1.0,0.0,1.0,1.0,0.0,0.0
0.0,0.0,1.0,0.0,0.0,1.0,0.0,1.0
1.0,0.0,0.0,1.0,0.0,1.0,1.0,1.0
1.0,0.0,0.0,1.0,0.0,1.0,1.0,1.0
0.0,0.0,0.0,0.0,0.0,1.0,1.0,1.0
0.0,0.0,1.0,0.0,0.0,1.0,1.0,0.0
1.0,0.0,0.0,1.0,0.0,0.0,1.0,1.0
0.0,1.0,1.0,0.0,1.0,1.0,1.0,0.0
0.0,0.0,1.0,0.0,0.0,0.0,1.0,1.0
0.0,0.0,1.0,0.0,0.0,0.0,0.0,0.0
1.0,0.0,0.0,1.0,0.0,0.0,0.0,1.0
0.43225504908421986,0.5726733268373303,0.6504402081549638,0.6433222340196108,0.9167379462433977,0.7523954268566031,0.36138917870155174,0.0588677068993263
0.0,1.0,1.0,0.0,1.0,0.0,1.0,0.0
0.0,0.0,1.0,0.0,0.0,1.0,1.0,0.0
0.0,0.0,1.0,0.0,0.0,1.0,1.0,1.0
0.0,1.0,1.0,0.0,1.0,1.0,0.0,0.0
0.0,0.0,1.0,0.0,0.0,0.0,0.0,0.0
0.0,0.0,1.0,0.0,0.0,1.0,0.0,1.0
0.0,0.0,1.0,0.0,0.0,0.0,0.0,0.0
0.0,1.0,1.0,0.0,1.0,0.0,0.0,0.0
0.0,0.0,1.0,0.0,0.0,1.0,1.0,1.0
1.0,0.0,0.0,1.0,1.0,0.0,0.0,1.0
1.0,0.0,0.0,1.0,0.0,0.0,0.0,1.0
0.0,1.0,1.0,0.0,1.0,0.0,1.0,0.0
0.959806623354438,0.7076649001524512,0.5471591156887574,0.551001292631278,0.40588094814556597,0.5862694629000668,0.13487950591513065,0.28988623213188247
1.0,0.0,1.0,0.0,1.0,0.0,0.0,0.0
1.0,0.0,0.0,1.0,0.0,0.0,1.0,1.0
0.0,0.0,1.0,0.0,0.0,0.0,0.0,0.0
0.0,1.0,1.0,0.0,1.0,0.0,0.0,0.0
