0.27789901573706033,0.021834756909764774,0.8835196331503165,0.6884593146445684,7.4472495205785,0.8328530616177443,0.5110358382382988,0.15495394897735337
1.0,1.0,0.0,0.0,4.0,1.0,0.0,1.0
1.0,0.0,0.0,1.0,0.0,1.0,0.0,0.0
1.0,1.0,0.0,0.0,4.0,0.0,0.0,1.0
1.0,1.0,0.0,0.0,4.0,1.0,0.0,1.0
1.0,1.0,0.0,0.0,4.0,1.0,0.0,1.0
1.0,1.0,0.0,0.0,4.0,1.0,1.0,1.0
1.0,0.0,0.0,1.0,0.0,1.0,1.0,0.0
1.0,0.0,0.0,1.0,0.0,1.0,0.0,0.0
1.0,1.0,0.0,0.0,4.0,0.0,1.0,0.0
1.0,1.0,0.0,0.0,4.0,1.0,0.0,1.0
1.0,1.0,0.0,0.0,2.0,1.0,1.0,0.0
1.0,0.0,0.0,1.0,0.0,1.0,0.0,0.0
0.0,0.0,0.0,0.0,0.0,0.0,0.0,0.0
0.0,0.0,0.0,0.0,4.0,0.0,0.0,0.0
0.0,0.0,0.0,0.0,6.0,0.0,0.0,0.0
1.0,1.0,0.0,0.0,2.0,1.0,0.0,0.0
1.0,1.0,0.0,0.0,4.0,1.0,0.0,1.0
1.0,0.0,0.0,1.0,0.0,1.0,0.0,1.0
1.0,1.0,0.0,1.0,0.0,1.0,0.0,1.0
1.0,1.0,0.0,0.0,2.0,1.0,1.0,0.0
1.0,1.0,0.0,0.0,2.0,1.0,0.0,0.0
1.0,1.0,0.0,0.0,4.0,1.0,0.0,1.0
1.0,1.0,0.0,0.0,2.0,1.0,0.0,1.0
0.0,1.0,0.0,0.0,6.0,0.0,0.0,0.0
1.0,1.0,0.0,0.0,4.0,0.0,0.0,0.0
1.0,1.0,1.0,0.0,4.0,0.0,0.0,0.0
1.0,1.0,0.0,0.0,2.0,1.0,0.0,0.0
1.0,1.0,0.0,0.0,4.0,1.0,0.0,1.0
1.0,1.0,0.0,0.0,2.0,0.0,1.0,1.0
0.0,1.0,0.0,0.0,6.0,0.0,0.0,0.0
1.0,1.0,0.0,0.0,4.0,1.0,1.0,1.0
1.0,1.0,0.0,0.0,2.0,0.0,0.0,1.0
1.0,1.0,0.0,0.0,2.0,1.0,0.0,0.0
1.0,0.0,0.0,1.0,0.0,1.0,0.0,0.0
1.0,1.0,0.0,0.0,4.0,1.0,1.0,0.0
1.0,1.0,0.0,0.0,4.0,1.0,0.0,0.0
1.0,1.0,0.0,0.0,2.0,1.0,0.0,0.0
1.0,0.0,0.0,1.0,0.0,1.0,0.0,0.0
0.0,1.0,1.0,0.0,6.0,0.0,1.0,0.0
0.0,1.0,0.0,0.0,6.0,0.0,0.0,0.0
1.0,1.0,0.0,0.0,2.0,1.0,0.0,0.0
0.0,1.0,0.0,0.0,6.0,0.0,0.0,0.0
0.13775270239215853,0.7063032964085345,0.5085815867009327,0.8416973910030378,3.5654087594826507,0.13410704168171994,0.6937104625637367,0.2529546149841825
1.0,1.0,0.0,0.0,4.0,1.0,0.0,1.0
1.0,1.0,0.0,0.0,4.0,1.0,0.0,1.0
0.0,0.0,0.0,0.0,6.0,0.0,0.0,0.0
1.0,1.0,0.0,0.0,4.0,1.0,0.0,1.0
1.0,1.0,0.0,0.0,4.0,1.0,0.0,1.0
0.27551389870777343,0.9359513393456905,0.6392916070337633,0.017765871818550272,5.156889913484052,0.30422118964720024,0.3229222243357104,0.7779232335447576
1.0,1.0,0.0,0.0,4.0,1.0,0.0,1.0
0.0,1.0,0.0,0.0,6.0,0.0,0.0,0.0
1.0,1.0,0.0,0.0,4.0,1.0,0.0,0.0
0.0,0.0,0.0,0.0,8.0,0.0,0.0,1.0
1.0,1.0,0.0,0.0,4.0,1.0,0.0,0.0
1.0,1.0,0.0,0.0,4.0,1.0,0.0,1.0
1.0,1.0,0.0,0.0,2.0,1.0,0.0,1.0
1.0,1.0,0.0,0.0,2.0,1.0,1.0,0.0
1.0,1.0,0.0,0.0,2.0,1.0,0.0,1.0
0.5389928935085351,0.008553352626413768,0.8303626708203026,0.6820610914047317,0.8002743035320146,0.7343987356803184,0.14821432298419013,0.2540515487844903
1.0,0.0,0.0,1.0,0.0,1.0,0.0,1.0
1.0,0.0,0.0,1.0,0.0,1.0,0.0,0.0
1.0,1.0,1.0,0.0,0.0,1.0,0.0,0.0
1.0,1.0,0.0,0.0,4.0,1.0,0.0,1.0
1.0,1.0,0.0,0.0,4.0,1.0,0.0,1.0
1.0,1.0,0.0,0.0,4.0,1.0,1.0,1.0
1.0,1.0,0.0,1.0,0.0,1.0,0.0,1.0
1.0,1.0,0.0,0.0,4.0,1.0,0.0,1.0
0.509505455160804,0.055261309883356424,0.6339798881601837,0.3064555839858927,4.663016618364983,0.10439816829098658,0.29754236846451154,0.8683726418654658
1.0,1.0,0.0,0.0,4.0,1.0,0.0,1.0
1.0,1.0,0.0,0.0,4.0,1.0,1.0,1.0
1.0,1.0,0.0,0.0,2.0,1.0,0.0,1.0
0.0,1.0,1.0,0.0,8.0,1.0,0.0,0.0
1.0,0.0,0.0,1.0,0.0,1.0,0.0,0.0
1.0,1.0,0.0,1.0,0.0,0.0,0.0,1.0
1.0,1.0,0.0,1.0,2.0,1.0,0.0,1.0
1.0,0.0,1.0,0.0,0.0,1.0,0.0,0.0
0.0,0.0,1.0,0.0,0.0,0.0,0.0,0.0
0.43638449031822535,0.08572774513482961,0.10166139660476414,0.04456362118945201,6.712998471650919,0.037920405736715845,0.7455800593258375,0.9774437458774609
1.0,1.0,0.0,0.0,2.0,1.0,0.0,0.0
1.0,1.0,0.0,0.0,0.0,1.0,0.0,0.0
0.0,1.0,0.0,0.0,0.0,0.0,0.0,0.0
1.0,0.0,0.0,1.0,0.0,1.0,0.0,0.0
0.256275493691841,0.40932284289456333,0.2950286272298488,0.9806119299866611,7.39846622107389,0.757124159386149,0.3780444372480253,0.6354724576983138
1.0,1.0,0.0,0.0,2.0,1.0,0.0,0.0
0.0,0.0,0.0,0.0,5.0,0.0,0.0,0.0
1.0,0.0,1.0,1.0,0.0,1.0,0.0,1.0
1.0,1.0,0.0,0.0,2.0,1.0,0.0,1.0
0.0,1.0,0.0,0.0,6.0,0.0,0.0,0.0
1.0,1.0,0.0,0.0,4.0,0.0,0.0,0.0
1.0,1.0,0.0,0.0,4.0,1.0,0.0,1.0
0.40107507321675506,0.6842255733484051,0.6037801288060233,0.5571847201828243,4.710347027936784,0.6042466388491706,0.4839005667126426,0.6500376213624877
1.0,0.0,0.0,1.0,0.0,1.0,0.0,1.0
1.0,1.0,0.0,0.0,2.0,1.0,0.0,0.0
1.0,1.0,0.0,0.0,4.0,1.0,0.0,0.0
1.0,1.0,0.0,0.0,2.0,1.0,0.0,1.0
0.39979211190797226,0.9685549216133498,0.35767590614199385,0.6511553551332978,7.8494711942869575,0.12191763733126038,0.5958509788578601,0.2672801716131482
0.0,1.0,1.0,0.0,6.0,0.0,0.0,0.0
1.0,1.0,0.0,0.0,4.0,1.0,0.0,1.0
0.0,1.0,0.0,0.0,0.0,0.0,0.0,0.0
1.0,1.0,0.0,0.0,2.0,1.0,0.0,0.0
