0.9518597451841279,0.8791815170430805,0.41988018336466093,0.4589829681311449,4.537945297571884,0.24930618275059235,0.6142902906552965,0.5036015469023638
1.0,1.0,0.0,0.0,4.0,1.0,0.0,1.0
1.0,0.0,0.0,1.0,0.0,1.0,0.0,0.0
1.0,1.0,0.0,0.0,4.0,0.0,0.0,1.0
1.0,1.0,0.0,0.0,4.0,1.0,0.0,1.0
1.0,1.0,0.0,0.0,4.0,1.0,0.0,1.0
0.30664863765982175,0.8855637937156858,0.3557741087225673,0.08655160888241253,3.382972068877404,0.11926453002075788,0.027673847610394264,0.017957765555086103
1.0,0.0,0.0,1.0,0.0,1.0,1.0,0.0
1.0,0.0,0.0,1.0,0.0,1.0,0.0,0.0
1.0,1.0,0.0,0.0,4.0,0.0,1.0,0.0
1.0,1.0,0.0,0.0,4.0,1.0,0.0,1.0
1.0,1.0,0.0,0.0,2.0,1.0,1.0,0.0
1.0,0.0,0.0,1.0,0.0,1.0,0.0,0.0
0.0,0.0,0.0,0.0,0.0,0.0,0.0,0.0
0.28761012690319465,0.4991935853736854,0.7171070623862812,0.3350636305661735,1.6385213933205307,0.10354831154467514,0.5846184145193312,0.050628280717031626
0.0,0.0,0.0,0.0,6.0,0.0,0.0,0.0
1.0,1.0,0.0,0.0,2.0,1.0,0.0,0.0
1.0,1.0,0.0,0.0,4.0,1.0,0.0,1.0
1.0,0.0,0.0,1.0,0.0,1.0,0.0,1.0
1.0,1.0,0.0,1.0,0.0,1.0,0.0,1.0
1.0,1.0,0.0,0.0,2.0,1.0,1.0,0.0
1.0,1.0,0.0,0.0,2.0,1.0,0.0,0.0
1.0,1.0,0.0,0.0,4.0,1.0,0.0,1.0
1.0,1.0,0.0,0.0,2.0,1.0,0.0,1.0
0.0,1.0,0.0,0.0,6.0,0.0,0.0,0.0
1.0,1.0,0.0,0.0,4.0,0.0,0.0,0.0
1.0,1.0,1.0,0.0,4.0,0.0,0.0,0.0
0.34489420271295546,0.36470292630412826,0.725528640140979,0.48606980817335166,4.394408586105219,0.4191368178168986,0.15939053991660224,0.030385616441104824
1.0,1.0,0.0,0.0,4.0,1.0,0.0,1.0
1.0,1.0,0.0,0.0,2.0,0.0,1.0,1.0
0.0,1.0,0.0,0.0,6.0,0.0,0.0,0.0
1.0,1.0,0.0,0.0,4.0,1.0,1.0,1.0
1.0,1.0,0.0,0.0,2.0,0.0,0.0,1.0
1.0,1.0,0.0,0.0,2.0,1.0,0.0,0.0
1.0,0.0,0.0,1.0,0.0,1.0,0.0,0.0
1.0,1.0,0.0,0.0,4.0,1.0,1.0,0.0
1.0,1.0,0.0,0.0,4.0,1.0,0.0,0.0
1.0,1.0,0.0,0.0,2.0,1.0,0.0,0.0
1.0,0.0,0.0,1.0,0.0,1.0,0.0,0.0
0.0,1.0,1.0,0.0,6.0,0.0,1.0,0.0
0.0,1.0,0.0,0.0,6.0,0.0,0.0,0.0
1.0,1.0,0.0,0.0,2.0,1.0,0.0,0.0
0.0,1.0,0.0,0.0,6.0,0.0,0.0,0.0
1.0,1.0,0.0,0.0,2.0,1.0,0.0,0.0
1.0,1.0,0.0,0.0,4.0,1.0,0.0,1.0
1.0,1.0,0.0,0.0,4.0,1.0,0.0,1.0
0.0,0.0,0.0,0.0,6.0,0.0,0.0,0.0
1.0,1.0,0.0,0.0,4.0,1.0,0.0,1.0
1.0,1.0,0.0,0.0,4.0,1.0,0.0,1.0
1.0,1.0,0.0,0.0,4.0,1.0,0.0,0.0
1.0,1.0,0.0,0.0,4.0,1.0,0.0,1.0
0.0,1.0,0.0,0.0,6.0,0.0,0.0,0.0
1.0,1.0,0.0,0.0,4.0,1.0,0.0,0.0
0.0,0.0,0.0,0.0,8.0,0.0,0.0,1.0
1.0,1.0,0.0,0.0,4.0,1.0,0.0,0.0
1.0,1.0,0.0,0.0,4.0,1.0,0.0,1.0
1.0,1.0,0.0,0.0,2.0,1.0,0.0,1.0
1.0,1.0,0.0,0.0,2.0,1.0,1.0,0.0
1.0,1.0,0.0,0.0,2.0,1.0,0.0,1.0
1.0,1.0,0.0,0.0,2.0,1.0,0.0,0.0
1.0,0.0,0.0,1.0,0.0,1.0,0.0,1.0
1.0,0.0,0.0,1.0,0.0,1.0,0.0,0.0
1.0,1.0,1.0,0.0,0.0,1.0,0.0,0.0
1.0,1.0,0.0,0.0,4.0,1.0,0.0,1.0
1.0,1.0,0.0,0.0,4.0,1.0,0.0,1.0
1.0,1.0,0.0,0.0,4.0,1.0,1.0,1.0
1.0,1.0,0.0,1.0,0.0,1.0,0.0,1.0
1.0,1.0,0.0,0.0,4.0,1.0,0.0,1.0
1.0,1.0,0.0,0.0,4.0,1.0,1.0,1.0
1.0,1.0,0.0,0.0,4.0,1.0,0.0,1.0
1.0,1.0,0.0,0.0,4.0,1.0,1.0,1.0
1.0,1.0,0.0,0.0,2.0,1.0,0.0,1.0
0.05115081614012451,0.5046749759571311,0.041416047924025756,0.9204875254937269,1.846922104563916,0.6095929174050184,0.11064827650891562,0.5158640366430538
1.0,0.0,0.0,1.0,0.0,1.0,0.0,0.0
0.041437596666618504,0.9652389258228944,0.6051195372636863,0.827357665816334,0.1481763038785715,0.5893399007431935,0.17946488004509886,0.24828911389920505
1.0,1.0,0.0,1.0,2.0,1.0,0.0,1.0
1.0,0.0,1.0,0.0,0.0,1.0,0.0,0.0
0.0,0.0,1.0,0.0,0.0,0.0,0.0,0.0
1.0,1.0,0.0,0.0,2.0,1.0,0.0,0.0
1.0,1.0,0.0,0.0,2.0,1.0,0.0,0.0
1.0,1.0,0.0,0.0,0.0,1.0,0.0,0.0
0.0,1.0,0.0,0.0,0.0,0.0,0.0,0.0
1.0,0.0,0.0,1.0,0.0,1.0,0.0,0.0
0.08292637037070305,0.2516913589923341,0.7052163390513001,0.21085918959404848,3.499889935360237,0.27824625005820236,0.654118244730205,0.1526103981402055
1.0,1.0,0.0,0.0,2.0,1.0,0.0,0.0
0.0,0.0,0.0,0.0,5.0,0.0,0.0,0.0
1.0,0.0,1.0,1.0,0.0,1.0,0.0,1.0
1.0,1.0,0.0,0.0,2.0,1.0,0.0,1.0
0.0,1.0,0.0,0.0,6.0,0.0,0.0,0.0
0.058068892645855796,0.2962071755483974,0.1779054307204052,0.5814102391786853,2.987681379619172,0.883097307376272,0.3957931790795952,0.23585711888841632
1.0,1.0,0.0,0.0,4.0,1.0,0.0,1.0
1.0,1.0,0.0,0.0,4.0,1.0,0.0,0.0
1.0,0.0,0.0,1.0,0.0,1.0,0.0,1.0
0.5426371252389287,0.7807331338998107,0.36659780473783676,0.545047827643829,2.0661990446572585,0.8480352218414181,0.953082870001955,0.10540807408804209
1.0,1.0,0.0,0.0,4.0,1.0,0.0,0.0
1.0,1.0,0.0,0.0,2.0,1.0,0.0,1.0
1.0,1.0,0.0,0.0,2.0,1.0,0.0,1.0
0.0,1.0,1.0,0.0,6.0,0.0,0.0,0.0
1.0,1.0,0.0,0.0,4.0,1.0,0.0,1.0
0.0,1.0,0.0,0.0,0.0,0.0,0.0,0.0
1.0,1.0,0.0,0.0,2.0,1.0,0.0,0.0
