0.08967695386228347,0.5013051551396754,0.1586121154523129,0.5397924030531747,6.412797307840282,0.5009415844351411,0.9692359665720509,0.38261372986724085
1.0,1.0,0.0,0.0,4.0,1.0,0.0,1.0
1.0,0.0,0.0,1.0,0.0,1.0,0.0,0.0
0.24404131431564624,0.0014648948749077517,0.40022705571898054,0.14010664955176255,3.744136649995358,0.08868454146614713,0.7837227017338592,0.015313676882192206
1.0,1.0,0.0,0.0,4.0,1.0,0.0,1.0
1.0,1.0,0.0,0.0,4.0,1.0,0.0,1.0
1.0,1.0,0.0,0.0,4.0,1.0,1.0,1.0
1.0,0.0,0.0,1.0,0.0,1.0,1.0,0.0
1.0,0.0,0.0,1.0,0.0,1.0,0.0,0.0
1.0,1.0,0.0,0.0,4.0,0.0,1.0,0.0
1.0,1.0,0.0,0.0,4.0,1.0,0.0,1.0
1.0,1.0,0.0,0.0,2.0,1.0,1.0,0.0
1.0,0.0,0.0,1.0,0.0,1.0,0.0,0.0
0.0,0.0,0.0,0.0,0.0,0.0,0.0,0.0
0.0,0.0,0.0,0.0,4.0,0.0,0.0,0.0
0.0,0.0,0.0,0.0,6.0,0.0,0.0,0.0
0.20046291477460454,0.19240803946561036,0.4241056388576322,0.5688258145613354,1.5709176510860265,0.31898985925429935,0.8422348811284341,0.5187512772528219
1.0,1.0,0.0,0.0,4.0,1.0,0.0,1.0
1.0,0.0,0.0,1.0,0.0,1.0,0.0,1.0
1.0,1.0,0.0,1.0,0.0,1.0,0.0,1.0
1.0,1.0,0.0,0.0,2.0,1.0,1.0,0.0
1.0,1.0,0.0,0.0,2.0,1.0,0.0,0.0
1.0,1.0,0.0,0.0,4.0,1.0,0.0,1.0
1.0,1.0,0.0,0.0,2.0,1.0,0.0,1.0
0.0,1.0,0.0,0.0,6.0,0.0,0.0,0.0
1.0,1.0,0.0,0.0,4.0,0.0,0.0,0.0
1.0,1.0,1.0,0.0,4.0,0.0,0.0,0.0
1.0,1.0,0.0,0.0,2.0,1.0,0.0,0.0
1.0,1.0,0.0,0.0,4.0,1.0,0.0,1.0
0.5082115070563351,0.805657738262407,0.5060198214574422,0.5237786522257581,1.6590332328975137,0.6158472277958713,0.565773629819827,0.9508216885237394
0.0,1.0,0.0,0.0,6.0,0.0,0.0,0.0
1.0,1.0,0.0,0.0,4.0,1.0,1.0,1.0
1.0,1.0,0.0,0.0,2.0,0.0,0.0,1.0
1.0,1.0,0.0,0.0,2.0,1.0,0.0,0.0
0.46777729964827264,0.19366195265503594,0.48922397633120884,0.5540295943294831,2.009795504307676,0.023282044531155233,0.5897780773339256,0.46791490508863753
1.0,1.0,0.0,0.0,4.0,1.0,1.0,0.0
1.0,1.0,0.0,0.0,4.0,1.0,0.0,0.0
1.0,1.0,0.0,0.0,2.0,1.0,0.0,0.0
1.0,0.0,0.0,1.0,0.0,1.0,0.0,0.0
0.010664258872212451,0.8093635263798317,0.9974352276091362,0.7281113611264075,2.822517470258873,0.04993036554865038,0.22504957907596912,0.39933914703113205
0.0,1.0,0.0,0.0,6.0,0.0,0.0,0.0
1.0,1.0,0.0,0.0,2.0,1.0,0.0,0.0
0.0,1.0,0.0,0.0,6.0,0.0,0.0,0.0
1.0,1.0,0.0,0.0,2.0,1.0,0.0,0.0
0.49847717488142407,0.14109641587573385,0.9048990281578416,0.5795354899971566,4.579020955513567,0.41345079885810787,0.7042375474052385,0.8929285984657008
1.0,1.0,0.0,0.0,4.0,1.0,0.0,1.0
0.0,0.0,0.0,0.0,6.0,0.0,0.0,0.0
1.0,1.0,0.0,0.0,4.0,1.0,0.0,1.0
1.0,1.0,0.0,0.0,4.0,1.0,0.0,1.0
1.0,1.0,0.0,0.0,4.0,1.0,0.0,0.0
1.0,1.0,0.0,0.0,4.0,1.0,0.0,1.0
0.0,1.0,0.0,0.0,6.0,0.0,0.0,0.0
1.0,1.0,0.0,0.0,4.0,1.0,0.0,0.0
0.0,0.0,0.0,0.0,8.0,0.0,0.0,1.0
1.0,1.0,0.0,0.0,4.0,1.0,0.0,0.0
1.0,1.0,0.0,0.0,4.0,1.0,0.0,1.0
1.0,1.0,0.0,0.0,2.0,1.0,0.0,1.0
1.0,1.0,0.0,0.0,2.0,1.0,1.0,0.0
1.0,1.0,0.0,0.0,2.0,1.0,0.0,1.0
1.0,1.0,0.0,0.0,2.0,1.0,0.0,0.0
1.0,0.0,0.0,1.0,0.0,1.0,0.0,1.0
1.0,0.0,0.0,1.0,0.0,1.0,0.0,0.0
1.0,1.0,1.0,0.0,0.0,1.0,0.0,0.0
1.0,1.0,0.0,0.0,4.0,1.0,0.0,1.0
1.0,1.0,0.0,0.0,4.0,1.0,0.0,1.0
1.0,1.0,0.0,0.0,4.0,1.0,1.0,1.0
1.0,1.0,0.0,1.0,0.0,1.0,0.0,1.0
1.0,1.0,0.0,0.0,4.0,1.0,0.0,1.0
1.0,1.0,0.0,0.0,4.0,1.0,1.0,1.0
1.0,1.0,0.0,0.0,4.0,1.0,0.0,1.0
1.0,1.0,0.0,0.0,4.0,1.0,1.0,1.0
1.0,1.0,0.0,0.0,2.0,1.0,0.0,1.0
0.0,1.0,1.0,0.0,8.0,1.0,0.0,0.0
0.7249828747759247,0.9633290448189111,0.7680226937816076,0.42183526770843494,3.7038592496649505,0.4165807217221126,0.545302294672338,0.015390646459104373
1.0,1.0,0.0,1.0,0.0,0.0,0.0,1.0
1.0,1.0,0.0,1.0,2.0,1.0,0.0,1.0
1.0,0.0,1.0,0.0,0.0,1.0,0.0,0.0
0.0,0.0,1.0,0.0,0.0,0.0,0.0,0.0
1.0,1.0,0.0,0.0,2.0,1.0,0.0,0.0
1.0,1.0,0.0,0.0,2.0,1.0,0.0,0.0
1.0,1.0,0.0,0.0,0.0,1.0,0.0,0.0
0.0,1.0,0.0,0.0,0.0,0.0,0.0,0.0
1.0,0.0,0.0,1.0,0.0,1.0,0.0,0.0
1.0,1.0,0.0,0.0,2.0,1.0,0.0,0.0
1.0,1.0,0.0,0.0,2.0,1.0,0.0,0.0
0.0,0.0,0.0,0.0,5.0,0.0,0.0,0.0
1.0,0.0,1.0,1.0,0.0,1.0,0.0,1.0
1.0,1.0,0.0,0.0,2.0,1.0,0.0,1.0
0.1865916916936976,0.2722389494865849,0.23126010701323696,0.8009314222816554,0.579118580232798,0.6504223198285702,0.7799050312143571,0.8890138803543326
1.0,1.0,0.0,0.0,4.0,0.0,0.0,0.0
1.0,1.0,0.0,0.0,4.0,1.0,0.0,1.0
1.0,1.0,0.0,0.0,4.0,1.0,0.0,0.0
1.0,0.0,0.0,1.0,0.0,1.0,0.0,1.0
1.0,1.0,0.0,0.0,2.0,1.0,0.0,0.0
1.0,1.0,0.0,0.0,4.0,1.0,0.0,0.0
1.0,1.0,0.0,0.0,2.0,1.0,0.0,1.0
1.0,1.0,0.0,0.0,2.0,1.0,0.0,1.0
0.0,1.0,1.0,0.0,6.0,0.0,0.0,0.0
1.0,1.0,0.0,0.0,4.0,1.0,0.0,1.0
0.0,1.0,0.0,0.0,0.0,0.0,0.0,0.0
1.0,1.0,0.0,0.0,2.0,1.0,0.0,0.0
