0.7490874792135048,0.8826627907968069,0.6968223997310994,0.6325882716900212,5.515847394623258,0.555252159800895,0.12420727402711274,0.9192742959415195
1.0,1.0,0.0,0.0,4.0,1.0,0.0,1.0
1.0,0.0,0.0,1.0,0.0,1.0,0.0,0.0
1.0,1.0,0.0,0.0,4.0,0.0,0.0,1.0
1.0,1.0,0.0,0.0,4.0,1.0,0.0,1.0
1.0,1.0,0.0,0.0,4.0,1.0,0.0,1.0
1.0,1.0,0.0,0.0,4.0,1.0,1.0,1.0
1.0,0.0,0.0,1.0,0.0,1.0,1.0,0.0
1.0,0.0,0.0,1.0,0.0,1.0,0.0,0.0
1.0,1.0,0.0,0.0,4.0,0.0,1.0,0.0
0.20739605319272247,0.921426969695332,0.30008772472792133,0.8092031304101397,0.7351099127421783,0.010313999379614525,0.1999819455398565,0.4763757975288009
1.0,1.0,0.0,0.0,2.0,1.0,1.0,0.0
1.0,0.0,0.0,1.0,0.0,1.0,0.0,0.0
0.0,0.0,0.0,0.0,0.0,0.0,0.0,0.0
0.0,0.0,0.0,0.0,4.0,0.0,0.0,0.0
0.0,0.0,0.0,0.0,6.0,0.0,0.0,0.0
1.0,1.0,0.0,0.0,2.0,1.0,0.0,0.0
1.0,1.0,0.0,0.0,4.0,1.0,0.0,1.0
1.0,0.0,0.0,1.0,0.0,1.0,0.0,1.0
1.0,1.0,0.0,1.0,0.0,1.0,0.0,1.0
1.0,1.0,0.0,0.0,2.0,1.0,1.0,0.0
1.0,1.0,0.0,0.0,2.0,1.0,0.0,0.0
1.0,1.0,0.0,0.0,4.0,1.0,0.0,1.0
1.0,1.0,0.0,0.0,2.0,1.0,0.0,1.0
0.0,1.0,0.0,0.0,6.0,0.0,0.0,0.0
1.0,1.0,0.0,0.0,4.0,0.0,0.0,0.0
1.0,1.0,1.0,0.0,4.0,0.0,0.0,0.0
1.0,1.0,0.0,0.0,2.0,1.0,0.0,0.0
1.0,1.0,0.0,0.0,4.0,1.0,0.0,1.0
1.0,1.0,0.0,0.0,2.0,0.0,1.0,1.0
0.0,1.0,0.0,0.0,6.0,0.0,0.0,0.0
1.0,1.0,0.0,0.0,4.0,1.0,1.0,1.0
1.0,1.0,0.0,0.0,2.0,0.0,0.0,1.0
1.0,1.0,0.0,0.0,2.0,1.0,0.0,0.0
1.0,0.0,0.0,1.0,0.0,1.0,0.0,0.0
1.0,1.0,0.0,0.0,4.0,1.0,1.0,0.0
1.0,1.0,0.0,0.0,4.0,1.0,0.0,0.0
0.2462592633522369,0.12052771857417932,0.7233284150748855,0.2929467408242913,0.9209532795423732,0.8385171745327659,0.23977332845342014,0.789451986040394
1.0,0.0,0.0,1.0,0.0,1.0,0.0,0.0
0.0,1.0,1.0,0.0,6.0,0.0,1.0,0.0
0.0,1.0,0.0,0.0,6.0,0.0,0.0,0.0
0.5869177363400837,0.45584581988068507,0.877789280495528,0.12165822023673378,2.4597315989293707,0.012980254592862228,0.21765695681629882,0.2970770514532899
0.8311178404719174,0.6249155790241682,0.830957158754773,0.9298049118440981,0.4085829289603611,0.4487708024342235,0.6434099041902884,0.8841686958388133
1.0,1.0,0.0,0.0,2.0,1.0,0.0,0.0
1.0,1.0,0.0,0.0,4.0,1.0,0.0,1.0
1.0,1.0,0.0,0.0,4.0,1.0,0.0,1.0
0.0,0.0,0.0,0.0,6.0,0.0,0.0,0.0
1.0,1.0,0.0,0.0,4.0,1.0,0.0,1.0
1.0,1.0,0.0,0.0,4.0,1.0,0.0,1.0
1.0,1.0,0.0,0.0,4.0,1.0,0.0,0.0
1.0,1.0,0.0,0.0,4.0,1.0,0.0,1.0
0.0,1.0,0.0,0.0,6.0,0.0,0.0,0.0
1.0,1.0,0.0,0.0,4.0,1.0,0.0,0.0
0.0,0.0,0.0,0.0,8.0,0.0,0.0,1.0
1.0,1.0,0.0,0.0,4.0,1.0,0.0,0.0
1.0,1.0,0.0,0.0,4.0,1.0,0.0,1.0
1.0,1.0,0.0,0.0,2.0,1.0,0.0,1.0
0.5202632343744932,0.03798036269535343,0.397042426654585,0.8575069554177907,5.908828403296555,0.25257241600326763,0.5858355814258268,0.2505839745353561
1.0,1.0,0.0,0.0,2.0,1.0,0.0,1.0
1.0,1.0,0.0,0.0,2.0,1.0,0.0,0.0
1.0,0.0,0.0,1.0,0.0,1.0,0.0,1.0
1.0,0.0,0.0,1.0,0.0,1.0,0.0,0.0
1.0,1.0,1.0,0.0,0.0,1.0,0.0,0.0
1.0,1.0,0.0,0.0,4.0,1.0,0.0,1.0
1.0,1.0,0.0,0.0,4.0,1.0,0.0,1.0
1.0,1.0,0.0,0.0,4.0,1.0,1.0,1.0
1.0,1.0,0.0,1.0,0.0,1.0,0.0,1.0
1.0,1.0,0.0,0.0,4.0,1.0,0.0,1.0
1.0,1.0,0.0,0.0,4.0,1.0,1.0,1.0
1.0,1.0,0.0,0.0,4.0,1.0,0.0,1.0
1.0,1.0,0.0,0.0,4.0,1.0,1.0,1.0
1.0,1.0,0.0,0.0,2.0,1.0,0.0,1.0
0.11733022861245967,0.4060294309367313,0.03537838052225939,0.5306637277299826,1.6614536136596758,0.8035531021911092,0.6607208574592941,0.8168014953087355
1.0,0.0,0.0,1.0,0.0,1.0,0.0,0.0
1.0,1.0,0.0,1.0,0.0,0.0,0.0,1.0
1.0,1.0,0.0,1.0,2.0,1.0,0.0,1.0
1.0,0.0,1.0,0.0,0.0,1.0,0.0,0.0
0.5043088667111097,0.15447497357778595,0.4230799461391054,0.9588556368536821,7.2542946882671275,0.22126966020290395,0.26958554671247303,0.4972200934804101
1.0,1.0,0.0,0.0,2.0,1.0,0.0,0.0
1.0,1.0,0.0,0.0,2.0,1.0,0.0,0.0
1.0,1.0,0.0,0.0,0.0,1.0,0.0,0.0
0.0,1.0,0.0,0.0,0.0,0.0,0.0,0.0
1.0,0.0,0.0,1.0,0.0,1.0,0.0,0.0
1.0,1.0,0.0,0.0,2.0,1.0,0.0,0.0
1.0,1.0,0.0,0.0,2.0,1.0,0.0,0.0
0.0,0.0,0.0,0.0,5.0,0.0,0.0,0.0
1.0,0.0,1.0,1.0,0.0,1.0,0.0,1.0
1.0,1.0,0.0,0.0,2.0,1.0,0.0,1.0
0.0,1.0,0.0,0.0,6.0,0.0,0.0,0.0
0.9024657654715004,0.6693116414824093,0.3850995256531837,0.32946932826323294,7.779360930969635,0.576284431013878,0.7063596182610059,0.5465725999556611
1.0,1.0,0.0,0.0,4.0,1.0,0.0,1.0
1.0,1.0,0.0,0.0,4.0,1.0,0.0,0.0
1.0,0.0,0.0,1.0,0.0,1.0,0.0,1.0
1.0,1.0,0.0,0.0,2.0,1.0,0.0,0.0
1.0,1.0,0.0,0.0,4.0,1.0,0.0,0.0
1.0,1.0,0.0,0.0,2.0,1.0,0.0,1.0
1.0,1.0,0.0,0.0,2.0,1.0,0.0,1.0
0.0,1.0,1.0,0.0,6.0,0.0,0.0,0.0
1.0,1.0,0.0,0.0,4.0,1.0,0.0,1.0
0.0,1.0,0.0,0.0,0.0,0.0,0.0,0.0
1.0,1.0,0.0,0.0,2.0,1.0,0.0,0.0
