0.0,0.0,1.0,0.0,0.0,0.0,1.0,1.0
1.0,0.0,0.0,1.0,0.0,0.0,0.0,1.0
0.0,0.0,1.0,0.0,0.0,1.0,1.0,1.0
1.0,0.0,0.0,1.0,0.0,0.0,1.0,1.0
1.0,0.0,0.0,1.0,0.0,0.0,1.0,1.0
1.0,0.0,0.0,1.0,0.0,0.0,0.0,1.0
1.0,0.0,0.0,1.0,0.0,0.0,0.0,1.0
0.0,0.0,1.0,0.0,0.0,1.0,0.0,1.0
0.0,0.0,1.0,0.0,0.0,1.0,1.0,1.0
1.0,0.0,0.0,1.0,0.0,0.0,0.0,1.0
1.0,0.0,0.0,1.0,0.0,0.0,1.0,1.0
0.0,1.0,1.0,0.0,1.0,0.0,0.0,0.0
0.0,0.0,1.0,0.0,0.0,1.0,1.0,1.0
0.0,0.0,1.0,0.0,0.0,0.0,1.0,0.0
0.0,0.0,1.0,0.0,0.0,1.0,1.0,0.0
0.0,1.0,1.0,0.0,0.0,0.0,1.0,0.0
0.0,1.0,1.0,0.0,1.0,0.0,1.0,0.0
1.0,0.0,0.0,1.0,0.0,0.0,0.0,1.0
0.0,0.0,1.0,0.0,0.0,1.0,1.0,1.0
0.0,0.0,0.0,1.0,0.0,1.0,1.0,1.0
0.0,1.0,1.0,0.0,1.0,0.0,0.0,0.0
0.0,1.0,1.0,0.0,1.0,1.0,0.0,0.0
1.0,0.0,0.0,1.0,0.0,0.0,0.0,1.0
0.0,1.0,1.0,0.0,1.0,0.0,0.0,0.0
0.0,0.0,1.0,0.0,0.0,0.0,0.0,0.0
0.0,0.0,1.0,0.0,0.0,1.0,1.0,1.0
0.0,0.0,1.0,0.0,0.0,1.0,0.0,1.0
1.0,0.0,0.0,1.0,1.0,0.0,0.0,1.0
1.0,0.0,0.0,1.0,0.0,0.0,0.0,1.0
1.0,0.0,0.0,1.0,0.0,0.0,1.0,1.0
1.0,0.0,0.0,1.0,0.0,0.0,1.0,1.0
1.0,0.0,0.0,1.0,0.0,0.0,0.0,1.0
1.0,0.0,0.0,1.0,0.0,0.0,0.0,1.0
1.0,0.0,1.0,0.0,1.0,0.0,0.0,0.0
0.0,0.0,1.0,0.0,0.0,1.0,0.0,1.0
1.0,0.0,0.0,1.0,0.0,0.0,0.0,1.0
1.0,0.0,0.0,1.0,0.0,0.0,0.0,1.0
0.0,1.0,1.0,0.0,1.0,0.0,1.0,0.0
0.0,0.0,1.0,0.0,0.0,1.0,1.0,1.0
0.0,1.0,1.0,0.0,1.0,1.0,1.0,0.0
1.0,0.0,1.0,0.0,1.0,0.0,0.0,0.0
0.0,0.0,1.0,0.0,0.0,1.0,1.0,0.0
0.6311135485553041,0.9875248589086351,0.3479566744422281,0.6619515822522734,0.33640004593071704,0.5593502516062943,0.15621012799954914,0.30331864163078337
0.9305439350095863,0.5419896636257483,0.7033810577119824,0.6767242585767913,0.7035831573847928,0.3363896940391067,0.6254831018730752,0.2838904603891643
1.0,0.0,0.0,1.0,0.0,0.0,1.0,1.0
1.0,0.0,0.0,1.0,0.0,0.0,1.0,1.0
0.0,0.0,1.0,0.0,0.0,1.0,1.0,0.0
0.5806703075497063,0.2650821245317151,0.14918890467128776,0.4242107911960139,0.4381657528798486,0.9343767824227156,0.39684587520452386,0.19920275548032107
1.0,0.0,0.0,1.0,0.0,1.0,1.0,1.0
1.0,0.0,0.0,1.0,0.0,0.0,1.0,1.0
1.0,0.0,0.0,1.0,0.0,0.0,1.0,1.0
1.0,0.0,1.0,0.0,1.0,0.0,0.0,0.0
0.0,0.0,1.0,0.0,0.0,1.0,1.0,1.0
0.0,0.0,1.0,0.0,0.0,1.0,1.0,0.0
1.0,0.0,0.0,1.0,0.0,0.0,1.0,1.0
0.0,0.0,1.0,0.0,0.0,1.0,0.0,1.0
0.0,1.0,1.0,0.0,0.0,0.0,0.0,0.0
0.0,1.0,1.0,0.0,1.0,0.0,0.0,0.0
0.0,1.0,1.0,0.0,0.0,1.0,1.0,0.0
0.0,1.0,1.0,0.0,1.0,0.0,0.0,0.0
0.0,0.0,1.0,0.0,0.0,1.0,1.0,1.0
0.0,0.0,1.0,0.0,0.0,1.0,1.0,1.0
0.0,0.0,1.0,0.0,0.0,0.0,1.0,1.0
1.0,0.0,1.0,1.0,0.0,1.0,1.0,0.0
0.0,0.0,1.0,0.0,1.0,0.0,0.0,0.0
1.0,0.0,0.0,1.0,0.0,0.0,0.0,1.0
0.0,0.0,0.0,1.0,0.0,1.0,1.0,1.0
1.0,0.0,0.0,1.0,0.0,0.0,1.0,1.0
1.0,0.0,0.0,1.0,0.0,0.0,1.0,1.0
1.0,0.0,0.0,1.0,0.0,0.0,1.0,1.0
1.0,0.0,0.0,1.0,0.0,0.0,0.0,1.0
0.0,1.0,1.0,0.0,0.0,0.0,1.0,0.0
0.0,0.0,0.0,0.0,0.0,0.0,1.0,0.0
1.0,0.0,0.0,1.0,0.0,0.0,0.0,1.0
1.0,0.0,0.0,1.0,0.0,1.0,1.0,1.0
1.0,0.0,0.0,1.0,0.0,1.0,1.0,1.0
0.0,0.0,0.0,0.0,0.0,1.0,1.0,1.0
0.0,0.0,1.0,0.0,0.0,1.0,1.0,0.0
0.0,1.0,1.0,0.0,1.0,1.0,1.0,0.0
0.0,1.0,1.0,0.0,1.0,1.0,1.0,0.0
1.0,0.0,0.0,1.0,0.0,0.0,1.0,1.0
1.0,0.0,1.0,0.0,1.0,0.0,0.0,0.0
0.0,0.0,1.0,0.0,0.0,1.0,1.0,1.0
0.0,1.0,1.0,0.0,1.0,0.0,0.0,0.0
1.0,0.0,0.0,1.0,0.0,0.0,0.0,1.0
0.0,0.0,1.0,0.0,0.0,1.0,1.0,0.0
0.0,0.0,1.0,0.0,0.0,1.0,1.0,1.0
0.0,1.0,1.0,0.0,1.0,1.0,0.0,0.0
0.0,0.0,1.0,0.0,0.0,0.0,0.0,0.0
0.0,0.0,1.0,0.0,0.0,1.0,0.0,1.0
0.0,0.0,1.0,0.0,0.0,0.0,0.0,0.0
0.0,0.0,1.0,0.0,0.0,0.0,1.0,1.0
0.0,0.0,1.0,0.0,0.0,1.0,1.0,1.0
1.0,0.0,0.0,1.0,1.0,0.0,0.0,1.0
1.0,0.0,0.0,1.0,0.0,0.0,0.0,1.0
0.0,1.0,1.0,0.0,1.0,0.0,1.0,0.0
1.0,0.0,0.0,1.0,0.0,0.0,0.0,1.0
0.0,0.0,1.0,0.0,0.0,0.0,0.0,0.0
1.0,0.0,0.0,1.0,0.0,0.0,1.0,1.0
0.0,0.0,1.0,0.0,0.0,0.0,0.0,0.0
0.0,1.0,1.0,0.0,1.0,0.0,0.0,0.0
